Image_Code	Actual	Predicted	Predicted_percent
247313-IMAGE_RGB_083_224x224_662dd0_353dd0_37dd66657959999999_-1dd791689950000002_133dd0_224x224.png	1	1	0.8825448
260479-IMAGE_RGB_083_224x224_697dd0_329dd0_40dd5832451_0dd2083092499999992_133dd0_224x224.png	0	1	0.8640625
257486-IMAGE_RGB_083_224x224_687dd0_375dd0_39dd7499121_-3dd6250225500000006_133dd0_224x224.png	0	1	0.98495966
227990-IMAGE_RGB_083_224x224_624dd0_329dd0_34dd49991419999999_0dd2083092499999992_133dd0_224x224.png	1	1	0.8368361
252029-IMAGE_RGB_083_224x224_673dd0_339dd0_38dd5832459_-0dd6250237500000004_133dd0_224x224.png	0	0	0.09132337
238274-IMAGE_RGB_083_224x224_643dd0_344dd0_36dd08324689999999_-1dd041690250000002_133dd0_224x224.png	1	0	0.6972664
260510-IMAGE_RGB_083_224x224_697dd0_360dd0_40dd5832451_-2dd375023050000003_133dd0_224x224.png	1	1	0.94510627
254946-IMAGE_RGB_083_224x224_680dd0_386dd0_39dd166579_-4dd5416888500000026_133dd0_224x224.png	1	1	0.9999378
239259-IMAGE_RGB_083_224x224_645dd0_326dd0_36dd24991349999999_0dd4583091499999981_133dd0_224x224.png	1	1	0.9103942
233618-IMAGE_RGB_083_224x224_634dd0_342dd0_35dd3332472_-0dd8750236500000028_133dd0_224x224.png	1	1	0.7638719
231372-IMAGE_RGB_083_224x224_630dd0_315dd0_34dd99991399999999_1dd374975449999997_133dd0_224x224.png	0	0	0.15604962
251213-IMAGE_RGB_083_224x224_671dd0_371dd0_38dd4165793_-3dd2916893500000017_133dd0_224x224.png	1	1	0.87513906
256091-IMAGE_RGB_083_224x224_683dd0_381dd0_39dd41657889999999_-4dd125022350000002_133dd0_224x224.png	0	1	0.968416
245543-IMAGE_RGB_083_224x224_658dd0_339dd0_37dd33324639999999_-0dd6250237500000004_133dd0_224x224.png	1	1	0.99287707
231399-IMAGE_RGB_083_224x224_630dd0_342dd0_34dd99991399999999_-0dd8750236500000028_133dd0_224x224.png	1	1	0.8258989
230220-IMAGE_RGB_083_224x224_628dd0_289dd0_34dd83324739999999_3dd5416412499999983_133dd0_224x224.png	0	0	0.14862809
232492-IMAGE_RGB_083_224x224_632dd0_316dd0_35dd1665806_1dd2916421499999975_133dd0_224x224.png	1	1	0.98790956
235750-IMAGE_RGB_083_224x224_638dd0_336dd0_35dd6665804_-0dd3750238500000016_133dd0_224x224.png	1	1	0.99981636
248629-IMAGE_RGB_083_224x224_665dd0_362dd0_37dd9165795_-2dd541689650000002_133dd0_224x224.png	1	1	0.93935066
261793-IMAGE_RGB_083_224x224_703dd0_294dd0_41dd0832449_3dd12497475_133dd0_224x224.png	0	0	0.14205146
259878-IMAGE_RGB_083_224x224_695dd0_284dd0_40dd4165785_3dd95830775_133dd0_224x224.png	0	0	0.16849744
231958-IMAGE_RGB_083_224x224_631dd0_339dd0_35dd0832473_-0dd6250237500000004_133dd0_224x224.png	1	1	0.9996221
245986-IMAGE_RGB_083_224x224_659dd0_340dd0_37dd4165797_-0dd7083570500000036_133dd0_224x224.png	1	1	0.9855843
230812-IMAGE_RGB_083_224x224_629dd0_318dd0_34dd916580700000004_1dd1249755499999985_133dd0_224x224.png	1	1	0.9512252
245987-IMAGE_RGB_083_224x224_659dd0_341dd0_37dd4165797_-0dd7916903500000032_133dd0_224x224.png	1	1	0.86296105
259618-IMAGE_RGB_083_224x224_694dd0_308dd0_40dd33324519999999_1dd958308549999998_133dd0_224x224.png	0	0	0.2662326
248192-IMAGE_RGB_083_224x224_664dd0_359dd0_37dd83324619999999_-2dd2916897500000037_133dd0_224x224.png	1	1	0.9760962
235756-IMAGE_RGB_083_224x224_638dd0_342dd0_35dd6665804_-0dd8750236500000028_133dd0_224x224.png	1	1	0.99626887
230215-IMAGE_RGB_083_224x224_628dd0_284dd0_34dd83324739999999_3dd95830775_133dd0_224x224.png	0	0	0.13378973
261844-IMAGE_RGB_083_224x224_703dd0_345dd0_41dd0832449_-1dd1250235500000016_133dd0_224x224.png	0	1	0.99899226
242723-IMAGE_RGB_083_224x224_652dd0_339dd0_36dd8332466_-0dd6250237500000004_133dd0_224x224.png	1	1	0.98783743
226871-IMAGE_RGB_083_224x224_622dd0_343dd0_34dd33324759999999_-0dd9583569500000024_133dd0_224x224.png	1	1	0.9179737
246861-IMAGE_RGB_083_224x224_661dd0_339dd0_37dd5832463_-0dd6250237500000004_133dd0_224x224.png	1	0	0.5259097
262257-IMAGE_RGB_083_224x224_705dd0_354dd0_41dd2499115_-1dd8750232500000017_133dd0_224x224.png	0	1	0.978506
242246-IMAGE_RGB_083_224x224_651dd0_349dd0_36dd749913299999996_-1dd4583567500000036_133dd0_224x224.png	1	1	0.8806066
225736-IMAGE_RGB_083_224x224_620dd0_342dd0_34dd166580999999994_-0dd8750236500000028_133dd0_224x224.png	1	1	0.9998807
234143-IMAGE_RGB_083_224x224_635dd0_324dd0_35dd41658049999999_0dd6249757499999973_133dd0_224x224.png	1	1	0.9015092
249464-IMAGE_RGB_083_224x224_667dd0_333dd0_38dd083246100000004_-0dd12502395000000274_133dd0_224x224.png	1	1	0.99220884
232512-IMAGE_RGB_083_224x224_632dd0_336dd0_35dd1665806_-0dd3750238500000016_133dd0_224x224.png	1	1	0.9592983
236247-IMAGE_RGB_083_224x224_639dd0_326dd0_35dd74991369999999_0dd4583091499999981_133dd0_224x224.png	1	1	0.9995378
248603-IMAGE_RGB_083_224x224_665dd0_336dd0_37dd9165795_-0dd3750238500000016_133dd0_224x224.png	1	1	0.99708146
233072-IMAGE_RGB_083_224x224_633dd0_343dd0_35dd2499139_-0dd9583569500000024_133dd0_224x224.png	0	0	0.11517685
256767-IMAGE_RGB_083_224x224_685dd0_337dd0_39dd58324549999999_-0dd4583571500000012_133dd0_224x224.png	1	0	0.06710299
240753-IMAGE_RGB_083_224x224_648dd0_328dd0_36dd4999134_0dd29164254999999883_133dd0_224x224.png	1	1	0.97859085
240265-IMAGE_RGB_083_224x224_647dd0_335dd0_36dd41658009999999_-0dd291690550000002_133dd0_224x224.png	1	1	0.8332137
226859-IMAGE_RGB_083_224x224_622dd0_331dd0_34dd33324759999999_0dd04164265_133dd0_224x224.png	1	1	0.9740461
233038-IMAGE_RGB_083_224x224_633dd0_309dd0_35dd2499139_1dd8749752499999983_133dd0_224x224.png	0	0	0.62697864
237768-IMAGE_RGB_083_224x224_642dd0_340dd0_35dd9999136_-0dd7083570500000036_133dd0_224x224.png	1	1	0.9482085
227429-IMAGE_RGB_083_224x224_623dd0_334dd0_34dd4165809_-0dd2083572500000024_133dd0_224x224.png	1	1	0.9999976
248598-IMAGE_RGB_083_224x224_665dd0_331dd0_37dd9165795_0dd04164265_133dd0_224x224.png	1	1	0.9999981
229122-IMAGE_RGB_083_224x224_626dd0_328dd0_34dd66658079999999_0dd29164254999999883_133dd0_224x224.png	1	1	0.75618833
249048-IMAGE_RGB_083_224x224_666dd0_348dd0_37dd99991279999999_-1dd3750234500000005_133dd0_224x224.png	1	0	0.6902226
231949-IMAGE_RGB_083_224x224_631dd0_330dd0_35dd0832473_0dd1249759499999996_133dd0_224x224.png	1	1	0.9999757
229699-IMAGE_RGB_083_224x224_627dd0_337dd0_34dd7499141_-0dd4583571500000012_133dd0_224x224.png	1	1	0.98047054
230828-IMAGE_RGB_083_224x224_629dd0_334dd0_34dd916580700000004_-0dd2083572500000024_133dd0_224x224.png	1	1	0.9995696
228566-IMAGE_RGB_083_224x224_625dd0_338dd0_34dd5832475_-0dd5416904500000008_133dd0_224x224.png	1	1	0.9998134
238228-IMAGE_RGB_083_224x224_643dd0_298dd0_36dd08324689999999_2dd7916415499999983_133dd0_224x224.png	0	0	0.0054766145
248182-IMAGE_RGB_083_224x224_664dd0_349dd0_37dd83324619999999_-1dd4583567500000036_133dd0_224x224.png	1	1	0.82710844
226865-IMAGE_RGB_083_224x224_622dd0_337dd0_34dd33324759999999_-0dd4583571500000012_133dd0_224x224.png	1	1	0.98813266
253277-IMAGE_RGB_083_224x224_676dd0_329dd0_38dd8332458_0dd2083092499999992_133dd0_224x224.png	0	0	0.5964585
241739-IMAGE_RGB_083_224x224_650dd0_330dd0_36dd66658_0dd1249759499999996_133dd0_224x224.png	1	0	0.56127137
226869-IMAGE_RGB_083_224x224_622dd0_341dd0_34dd33324759999999_-0dd7916903500000032_133dd0_224x224.png	1	1	0.91944045
243207-IMAGE_RGB_083_224x224_653dd0_340dd0_36dd9165799_-0dd7083570500000036_133dd0_224x224.png	1	1	0.9789811
245553-IMAGE_RGB_083_224x224_658dd0_349dd0_37dd33324639999999_-1dd4583567500000036_133dd0_224x224.png	1	1	0.9423024
246000-IMAGE_RGB_083_224x224_659dd0_354dd0_37dd4165797_-1dd8750232500000017_133dd0_224x224.png	1	1	0.98741245
261012-IMAGE_RGB_083_224x224_699dd0_360dd0_40dd749911700000006_-2dd375023050000003_133dd0_224x224.png	1	1	0.9997342
249925-IMAGE_RGB_083_224x224_668dd0_364dd0_38dd166579399999996_-2dd7083562500000014_133dd0_224x224.png	1	1	0.8471777
261401-IMAGE_RGB_083_224x224_701dd0_313dd0_40dd9165783_1dd54164205_133dd0_224x224.png	0	0	0.41415122
241263-IMAGE_RGB_083_224x224_649dd0_345dd0_36dd58324669999999_-1dd1250235500000016_133dd0_224x224.png	1	0	0.6652715
257104-IMAGE_RGB_083_224x224_686dd0_330dd0_39dd6665788_0dd1249759499999996_133dd0_224x224.png	1	0	0.50144434
240755-IMAGE_RGB_083_224x224_648dd0_330dd0_36dd4999134_0dd1249759499999996_133dd0_224x224.png	1	1	0.8359511
229695-IMAGE_RGB_083_224x224_627dd0_333dd0_34dd7499141_-0dd12502395000000274_133dd0_224x224.png	1	1	0.9960443
228559-IMAGE_RGB_083_224x224_625dd0_331dd0_34dd5832475_0dd04164265_133dd0_224x224.png	1	1	0.8237541
240765-IMAGE_RGB_083_224x224_648dd0_340dd0_36dd4999134_-0dd7083570500000036_133dd0_224x224.png	1	1	0.999752
233055-IMAGE_RGB_083_224x224_633dd0_326dd0_35dd2499139_0dd4583091499999981_133dd0_224x224.png	1	1	0.9999987
255715-IMAGE_RGB_083_224x224_682dd0_383dd0_39dd3332456_-4dd291688950000001_133dd0_224x224.png	0	1	0.98981607
242245-IMAGE_RGB_083_224x224_651dd0_348dd0_36dd749913299999996_-1dd3750234500000005_133dd0_224x224.png	1	1	0.99999785
235193-IMAGE_RGB_083_224x224_637dd0_294dd0_35dd58324709999999_3dd12497475_133dd0_224x224.png	1	0	0.43177092
240270-IMAGE_RGB_083_224x224_647dd0_340dd0_36dd41658009999999_-0dd7083570500000036_133dd0_224x224.png	1	1	0.9999176
228557-IMAGE_RGB_083_224x224_625dd0_329dd0_34dd5832475_0dd2083092499999992_133dd0_224x224.png	1	1	0.8207747
236222-IMAGE_RGB_083_224x224_639dd0_301dd0_35dd74991369999999_2dd541641649999999_133dd0_224x224.png	0	0	0.00554898
257455-IMAGE_RGB_083_224x224_687dd0_344dd0_39dd7499121_-1dd041690250000002_133dd0_224x224.png	0	0	0.16897482
241729-IMAGE_RGB_083_224x224_650dd0_320dd0_36dd66658_0dd9583089499999992_133dd0_224x224.png	0	0	0.15266535
227985-IMAGE_RGB_083_224x224_624dd0_324dd0_34dd49991419999999_0dd6249757499999973_133dd0_224x224.png	1	1	0.97183347
232497-IMAGE_RGB_083_224x224_632dd0_321dd0_35dd1665806_0dd8749756499999997_133dd0_224x224.png	1	1	0.9634752
260205-IMAGE_RGB_083_224x224_696dd0_330dd0_40dd49991179999999_0dd1249759499999996_133dd0_224x224.png	0	1	0.9163974
234160-IMAGE_RGB_083_224x224_635dd0_341dd0_35dd41658049999999_-0dd7916903500000032_133dd0_224x224.png	1	1	0.99979514
257146-IMAGE_RGB_083_224x224_686dd0_372dd0_39dd6665788_-3dd375022650000002_133dd0_224x224.png	0	1	0.7490373
256454-IMAGE_RGB_083_224x224_684dd0_378dd0_39dd499912200000004_-3dd875022450000003_133dd0_224x224.png	1	1	0.8659303
246430-IMAGE_RGB_083_224x224_660dd0_346dd0_37dd49991299999999_-1dd2083568500000013_133dd0_224x224.png	1	1	0.8804823
229694-IMAGE_RGB_083_224x224_627dd0_332dd0_34dd7499141_-0dd04169065000000316_133dd0_224x224.png	1	1	0.99999976
261233-IMAGE_RGB_083_224x224_700dd0_358dd0_40dd83324499999999_-2dd208356450000004_133dd0_224x224.png	0	1	0.9984066
233601-IMAGE_RGB_083_224x224_634dd0_325dd0_35dd3332472_0dd5416424499999977_133dd0_224x224.png	1	1	0.9800261
232506-IMAGE_RGB_083_224x224_632dd0_330dd0_35dd1665806_0dd1249759499999996_133dd0_224x224.png	1	1	0.9993954
230252-IMAGE_RGB_083_224x224_628dd0_321dd0_34dd83324739999999_0dd8749756499999997_133dd0_224x224.png	1	1	0.9628136
243676-IMAGE_RGB_083_224x224_654dd0_332dd0_36dd9999132_-0dd04169065000000316_133dd0_224x224.png	1	1	0.9807263
244634-IMAGE_RGB_083_224x224_656dd0_344dd0_37dd1665798_-1dd041690250000002_133dd0_224x224.png	1	1	0.99610585
256032-IMAGE_RGB_083_224x224_683dd0_322dd0_39dd41657889999999_0dd79164235_133dd0_224x224.png	0	0	0.10759268
235230-IMAGE_RGB_083_224x224_637dd0_331dd0_35dd58324709999999_0dd04164265_133dd0_224x224.png	1	1	0.99577916
259670-IMAGE_RGB_083_224x224_694dd0_360dd0_40dd33324519999999_-2dd375023050000003_133dd0_224x224.png	0	1	0.9524841
228550-IMAGE_RGB_083_224x224_625dd0_322dd0_34dd5832475_0dd79164235_133dd0_224x224.png	1	1	0.7010972
243686-IMAGE_RGB_083_224x224_654dd0_342dd0_36dd9999132_-0dd8750236500000028_133dd0_224x224.png	1	1	0.9846735
244633-IMAGE_RGB_083_224x224_656dd0_343dd0_37dd1665798_-0dd9583569500000024_133dd0_224x224.png	1	1	0.9979539
249490-IMAGE_RGB_083_224x224_667dd0_359dd0_38dd083246100000004_-2dd2916897500000037_133dd0_224x224.png	1	1	0.85687894
254942-IMAGE_RGB_083_224x224_680dd0_382dd0_39dd166579_-4dd2083556500000014_133dd0_224x224.png	0	0	0.49828026
226854-IMAGE_RGB_083_224x224_622dd0_326dd0_34dd33324759999999_0dd4583091499999981_133dd0_224x224.png	0	0	0.13423075
236256-IMAGE_RGB_083_224x224_639dd0_335dd0_35dd74991369999999_-0dd291690550000002_133dd0_224x224.png	1	1	0.99984765
257450-IMAGE_RGB_083_224x224_687dd0_339dd0_39dd7499121_-0dd6250237500000004_133dd0_224x224.png	0	0	0.015817799
248595-IMAGE_RGB_083_224x224_665dd0_328dd0_37dd9165795_0dd29164254999999883_133dd0_224x224.png	1	1	0.9998548
231388-IMAGE_RGB_083_224x224_630dd0_331dd0_34dd99991399999999_0dd04164265_133dd0_224x224.png	1	1	0.999086
252479-IMAGE_RGB_083_224x224_674dd0_368dd0_38dd6665792_-3dd041689450000004_133dd0_224x224.png	0	0	0.03144544
246429-IMAGE_RGB_083_224x224_660dd0_345dd0_37dd49991299999999_-1dd1250235500000016_133dd0_224x224.png	1	1	0.7793312
256374-IMAGE_RGB_083_224x224_684dd0_298dd0_39dd499912200000004_2dd7916415499999983_133dd0_224x224.png	1	0	0.072052196
233075-IMAGE_RGB_083_224x224_633dd0_346dd0_35dd2499139_-1dd2083568500000013_133dd0_224x224.png	1	0	0.52296317
233599-IMAGE_RGB_083_224x224_634dd0_323dd0_35dd3332472_0dd7083090499999969_133dd0_224x224.png	1	1	0.9811338
226861-IMAGE_RGB_083_224x224_622dd0_333dd0_34dd33324759999999_-0dd12502395000000274_133dd0_224x224.png	1	1	0.7651981
262196-IMAGE_RGB_083_224x224_705dd0_293dd0_41dd2499115_3dd2083080499999994_133dd0_224x224.png	0	0	0.17013806
232518-IMAGE_RGB_083_224x224_632dd0_342dd0_35dd1665806_-0dd8750236500000028_133dd0_224x224.png	1	1	0.99970895
239223-IMAGE_RGB_083_224x224_645dd0_290dd0_36dd24991349999999_3dd4583079499999982_133dd0_224x224.png	0	0	0.18623008
231386-IMAGE_RGB_083_224x224_630dd0_329dd0_34dd99991399999999_0dd2083092499999992_133dd0_224x224.png	1	1	1.0
246409-IMAGE_RGB_083_224x224_660dd0_325dd0_37dd49991299999999_0dd5416424499999977_133dd0_224x224.png	1	0	0.45008767
230831-IMAGE_RGB_083_224x224_629dd0_337dd0_34dd916580700000004_-0dd4583571500000012_133dd0_224x224.png	1	1	0.7450564
229137-IMAGE_RGB_083_224x224_626dd0_343dd0_34dd66658079999999_-0dd9583569500000024_133dd0_224x224.png	1	1	0.94776505
246858-IMAGE_RGB_083_224x224_661dd0_336dd0_37dd5832463_-0dd3750238500000016_133dd0_224x224.png	1	1	0.9974758
255333-IMAGE_RGB_083_224x224_681dd0_384dd0_39dd24991229999999_-4dd375022250000004_133dd0_224x224.png	1	1	0.9999759
243203-IMAGE_RGB_083_224x224_653dd0_336dd0_36dd9165799_-0dd3750238500000016_133dd0_224x224.png	1	1	0.9999999
258407-IMAGE_RGB_083_224x224_690dd0_310dd0_39dd999912_1dd7916419499999992_133dd0_224x224.png	0	0	0.3718037
230830-IMAGE_RGB_083_224x224_629dd0_336dd0_34dd916580700000004_-0dd3750238500000016_133dd0_224x224.png	1	1	0.99936646
250342-IMAGE_RGB_083_224x224_669dd0_353dd0_38dd2499127_-1dd791689950000002_133dd0_224x224.png	1	0	0.5930274
236273-IMAGE_RGB_083_224x224_639dd0_352dd0_35dd74991369999999_-1dd7083566500000025_133dd0_224x224.png	1	0	0.55876076
236252-IMAGE_RGB_083_224x224_639dd0_331dd0_35dd74991369999999_0dd04164265_133dd0_224x224.png	1	1	0.9997656
263350-IMAGE_RGB_083_224x224_711dd0_285dd0_41dd7499113_3dd87497445_133dd0_224x224.png	1	0	0.2312767
247727-IMAGE_RGB_083_224x224_663dd0_329dd0_37dd7499129_0dd2083092499999992_133dd0_224x224.png	1	1	0.9897265
230811-IMAGE_RGB_083_224x224_629dd0_317dd0_34dd916580700000004_1dd208308849999998_133dd0_224x224.png	1	1	0.80462265
250339-IMAGE_RGB_083_224x224_669dd0_350dd0_38dd2499127_-1dd5416900500000033_133dd0_224x224.png	0	0	0.0634526
258455-IMAGE_RGB_083_224x224_690dd0_358dd0_39dd999912_-2dd208356450000004_133dd0_224x224.png	0	1	0.99364895
247723-IMAGE_RGB_083_224x224_663dd0_325dd0_37dd7499129_0dd5416424499999977_133dd0_224x224.png	0	0	0.10630596
253661-IMAGE_RGB_083_224x224_677dd0_299dd0_38dd91657909999999_2dd708308249999998_133dd0_224x224.png	0	1	0.99607533
251642-IMAGE_RGB_083_224x224_672dd0_375dd0_38dd4999126_-3dd6250225500000006_133dd0_224x224.png	1	0	0.58270794
232520-IMAGE_RGB_083_224x224_632dd0_344dd0_35dd1665806_-1dd041690250000002_133dd0_224x224.png	0	0	0.04970847
231352-IMAGE_RGB_083_224x224_630dd0_295dd0_34dd99991399999999_3dd04164145_133dd0_224x224.png	0	0	0.15436728
234695-IMAGE_RGB_083_224x224_636dd0_333dd0_35dd499913799999995_-0dd12502395000000274_133dd0_224x224.png	1	1	0.9985676
243217-IMAGE_RGB_083_224x224_653dd0_350dd0_36dd9165799_-1dd5416900500000033_133dd0_224x224.png	1	1	0.9627356
229704-IMAGE_RGB_083_224x224_627dd0_342dd0_34dd7499141_-0dd8750236500000028_133dd0_224x224.png	1	1	0.8880668
235236-IMAGE_RGB_083_224x224_637dd0_337dd0_35dd58324709999999_-0dd4583571500000012_133dd0_224x224.png	0	0	0.5486739
245078-IMAGE_RGB_083_224x224_657dd0_324dd0_37dd2499131_0dd6249757499999973_133dd0_224x224.png	1	0	0.13372968
240749-IMAGE_RGB_083_224x224_648dd0_324dd0_36dd4999134_0dd6249757499999973_133dd0_224x224.png	1	1	0.818203
260235-IMAGE_RGB_083_224x224_696dd0_360dd0_40dd49991179999999_-2dd375023050000003_133dd0_224x224.png	1	1	0.99731356
243636-IMAGE_RGB_083_224x224_654dd0_292dd0_36dd9999132_3dd291641349999999_133dd0_224x224.png	0	0	0.018132458
228004-IMAGE_RGB_083_224x224_624dd0_343dd0_34dd49991419999999_-0dd9583569500000024_133dd0_224x224.png	1	1	0.9461619
247311-IMAGE_RGB_083_224x224_662dd0_351dd0_37dd66657959999999_-1dd6250233500000029_133dd0_224x224.png	1	0	0.64089775
226291-IMAGE_RGB_083_224x224_621dd0_330dd0_34dd2499143_0dd1249759499999996_133dd0_224x224.png	1	1	0.99999857
231401-IMAGE_RGB_083_224x224_630dd0_344dd0_34dd99991399999999_-1dd041690250000002_133dd0_224x224.png	0	0	0.011712522
248175-IMAGE_RGB_083_224x224_664dd0_342dd0_37dd83324619999999_-0dd8750236500000028_133dd0_224x224.png	1	0	0.69014406
233054-IMAGE_RGB_083_224x224_633dd0_325dd0_35dd2499139_0dd5416424499999977_133dd0_224x224.png	1	1	0.9735016
248166-IMAGE_RGB_083_224x224_664dd0_333dd0_37dd83324619999999_-0dd12502395000000274_133dd0_224x224.png	1	1	0.90185654
253273-IMAGE_RGB_083_224x224_676dd0_325dd0_38dd8332458_0dd5416424499999977_133dd0_224x224.png	0	0	0.10322818
241265-IMAGE_RGB_083_224x224_649dd0_347dd0_36dd58324669999999_-1dd2916901500000009_133dd0_224x224.png	1	0	0.5024937
247733-IMAGE_RGB_083_224x224_663dd0_335dd0_37dd7499129_-0dd291690550000002_133dd0_224x224.png	1	1	0.9883138
235742-IMAGE_RGB_083_224x224_638dd0_328dd0_35dd6665804_0dd29164254999999883_133dd0_224x224.png	1	1	0.9736443
227992-IMAGE_RGB_083_224x224_624dd0_331dd0_34dd49991419999999_0dd04164265_133dd0_224x224.png	1	1	0.9221056
242705-IMAGE_RGB_083_224x224_652dd0_321dd0_36dd8332466_0dd8749756499999997_133dd0_224x224.png	0	0	0.104599744
230271-IMAGE_RGB_083_224x224_628dd0_340dd0_34dd83324739999999_-0dd7083570500000036_133dd0_224x224.png	1	0	0.6246106
231396-IMAGE_RGB_083_224x224_630dd0_339dd0_34dd99991399999999_-0dd6250237500000004_133dd0_224x224.png	1	1	0.975593
241770-IMAGE_RGB_083_224x224_650dd0_361dd0_36dd66658_-2dd4583563500000025_133dd0_224x224.png	0	0	0.057724975
256813-IMAGE_RGB_083_224x224_685dd0_383dd0_39dd58324549999999_-4dd291688950000001_133dd0_224x224.png	1	1	0.9999709
236236-IMAGE_RGB_083_224x224_639dd0_315dd0_35dd74991369999999_1dd374975449999997_133dd0_224x224.png	0	0	0.5806517
242720-IMAGE_RGB_083_224x224_652dd0_336dd0_36dd8332466_-0dd3750238500000016_133dd0_224x224.png	1	1	0.9998727
238737-IMAGE_RGB_083_224x224_644dd0_305dd0_36dd166580200000006_2dd208308449999997_133dd0_224x224.png	0	0	0.15102124
235194-IMAGE_RGB_083_224x224_637dd0_295dd0_35dd58324709999999_3dd04164145_133dd0_224x224.png	0	0	0.12246704
235760-IMAGE_RGB_083_224x224_638dd0_346dd0_35dd6665804_-1dd2083568500000013_133dd0_224x224.png	0	0	0.16663516
261163-IMAGE_RGB_083_224x224_700dd0_288dd0_40dd83324499999999_3dd6249745499999975_133dd0_224x224.png	0	1	0.76078755
245545-IMAGE_RGB_083_224x224_658dd0_341dd0_37dd33324639999999_-0dd7916903500000032_133dd0_224x224.png	1	1	0.9969092
239264-IMAGE_RGB_083_224x224_645dd0_331dd0_36dd24991349999999_0dd04164265_133dd0_224x224.png	1	1	0.7812294
225169-IMAGE_RGB_083_224x224_619dd0_343dd0_34dd0832477_-0dd9583569500000024_133dd0_224x224.png	0	0	0.002331485
244631-IMAGE_RGB_083_224x224_656dd0_341dd0_37dd1665798_-0dd7916903500000032_133dd0_224x224.png	1	1	0.88019514
234693-IMAGE_RGB_083_224x224_636dd0_331dd0_35dd499913799999995_0dd04164265_133dd0_224x224.png	1	1	0.99973685
249005-IMAGE_RGB_083_224x224_666dd0_305dd0_37dd99991279999999_2dd208308449999997_133dd0_224x224.png	1	1	0.8924577
226873-IMAGE_RGB_083_224x224_622dd0_345dd0_34dd33324759999999_-1dd1250235500000016_133dd0_224x224.png	0	0	0.43053016
244152-IMAGE_RGB_083_224x224_655dd0_334dd0_37dd0832465_-0dd2083572500000024_133dd0_224x224.png	1	1	0.9999753
236713-IMAGE_RGB_083_224x224_640dd0_288dd0_35dd833247_3dd6249745499999975_133dd0_224x224.png	0	0	0.17787993
252400-IMAGE_RGB_083_224x224_674dd0_289dd0_38dd6665792_3dd5416412499999983_133dd0_224x224.png	1	1	0.82652295
233051-IMAGE_RGB_083_224x224_633dd0_322dd0_35dd2499139_0dd79164235_133dd0_224x224.png	1	1	0.9289279
248596-IMAGE_RGB_083_224x224_665dd0_329dd0_37dd9165795_0dd2083092499999992_133dd0_224x224.png	1	1	0.9991424
243687-IMAGE_RGB_083_224x224_654dd0_343dd0_36dd9999132_-0dd9583569500000024_133dd0_224x224.png	1	1	0.96271497
245524-IMAGE_RGB_083_224x224_658dd0_320dd0_37dd33324639999999_0dd9583089499999992_133dd0_224x224.png	1	0	0.19988027
232472-IMAGE_RGB_083_224x224_632dd0_296dd0_35dd1665806_2dd958308149999997_133dd0_224x224.png	0	0	0.025604574
246855-IMAGE_RGB_083_224x224_661dd0_333dd0_37dd5832463_-0dd12502395000000274_133dd0_224x224.png	1	1	0.9987336
243223-IMAGE_RGB_083_224x224_653dd0_356dd0_36dd9165799_-2dd041689850000001_133dd0_224x224.png	1	0	0.4356662
233594-IMAGE_RGB_083_224x224_634dd0_318dd0_35dd3332472_1dd1249755499999985_133dd0_224x224.png	1	1	0.99982065
245555-IMAGE_RGB_083_224x224_658dd0_351dd0_37dd33324639999999_-1dd6250233500000029_133dd0_224x224.png	1	0	0.61751693
259310-IMAGE_RGB_083_224x224_693dd0_291dd0_40dd2499119_3dd374974649999998_133dd0_224x224.png	1	0	0.36431494
233616-IMAGE_RGB_083_224x224_634dd0_340dd0_35dd3332472_-0dd7083570500000036_133dd0_224x224.png	1	1	0.99792
241262-IMAGE_RGB_083_224x224_649dd0_344dd0_36dd58324669999999_-1dd041690250000002_133dd0_224x224.png	1	1	0.846105
249477-IMAGE_RGB_083_224x224_667dd0_346dd0_38dd083246100000004_-1dd2083568500000013_133dd0_224x224.png	0	0	0.54715735
244620-IMAGE_RGB_083_224x224_656dd0_330dd0_37dd1665798_0dd1249759499999996_133dd0_224x224.png	1	0	0.6049759
256088-IMAGE_RGB_083_224x224_683dd0_378dd0_39dd41657889999999_-3dd875022450000003_133dd0_224x224.png	1	0	0.65603584
247256-IMAGE_RGB_083_224x224_662dd0_296dd0_37dd66657959999999_2dd958308149999997_133dd0_224x224.png	0	0	0.0044697756
250788-IMAGE_RGB_083_224x224_670dd0_372dd0_38dd333246_-3dd375022650000002_133dd0_224x224.png	1	1	0.7250607
248162-IMAGE_RGB_083_224x224_664dd0_329dd0_37dd83324619999999_0dd2083092499999992_133dd0_224x224.png	1	1	0.99979013
254943-IMAGE_RGB_083_224x224_680dd0_383dd0_39dd166579_-4dd291688950000001_133dd0_224x224.png	1	1	0.85657054
243204-IMAGE_RGB_083_224x224_653dd0_337dd0_36dd9165799_-0dd4583571500000012_133dd0_224x224.png	1	1	0.9999863
249058-IMAGE_RGB_083_224x224_666dd0_358dd0_37dd99991279999999_-2dd208356450000004_133dd0_224x224.png	1	0	0.4935187
234146-IMAGE_RGB_083_224x224_635dd0_327dd0_35dd41658049999999_0dd3749758499999985_133dd0_224x224.png	0	0	0.0728229
249478-IMAGE_RGB_083_224x224_667dd0_347dd0_38dd083246100000004_-1dd2916901500000009_133dd0_224x224.png	1	0	0.6623302
239764-IMAGE_RGB_083_224x224_646dd0_331dd0_36dd3332468_0dd04164265_133dd0_224x224.png	1	1	0.9788496
239776-IMAGE_RGB_083_224x224_646dd0_343dd0_36dd3332468_-0dd9583569500000024_133dd0_224x224.png	1	1	0.89681995
227987-IMAGE_RGB_083_224x224_624dd0_326dd0_34dd49991419999999_0dd4583091499999981_133dd0_224x224.png	1	1	0.94182414
256459-IMAGE_RGB_083_224x224_684dd0_383dd0_39dd499912200000004_-4dd291688950000001_133dd0_224x224.png	1	1	0.9955705
249479-IMAGE_RGB_083_224x224_667dd0_348dd0_38dd083246100000004_-1dd3750234500000005_133dd0_224x224.png	1	1	0.7794047
234147-IMAGE_RGB_083_224x224_635dd0_328dd0_35dd41658049999999_0dd29164254999999883_133dd0_224x224.png	1	1	0.9795216
229123-IMAGE_RGB_083_224x224_626dd0_329dd0_34dd66658079999999_0dd2083092499999992_133dd0_224x224.png	1	1	0.8958571
249054-IMAGE_RGB_083_224x224_666dd0_354dd0_37dd99991279999999_-1dd8750232500000017_133dd0_224x224.png	1	0	0.6150985
248155-IMAGE_RGB_083_224x224_664dd0_322dd0_37dd83324619999999_0dd79164235_133dd0_224x224.png	0	0	0.030256264
240271-IMAGE_RGB_083_224x224_647dd0_341dd0_36dd41658009999999_-0dd7916903500000032_133dd0_224x224.png	1	1	0.9993231
255714-IMAGE_RGB_083_224x224_682dd0_382dd0_39dd3332456_-4dd2083556500000014_133dd0_224x224.png	0	1	0.9984876
259071-IMAGE_RGB_083_224x224_692dd0_354dd0_40dd1665786_-1dd8750232500000017_133dd0_224x224.png	0	1	0.9976439
242244-IMAGE_RGB_083_224x224_651dd0_347dd0_36dd749913299999996_-1dd2916901500000009_133dd0_224x224.png	1	1	0.99999833
237270-IMAGE_RGB_083_224x224_641dd0_343dd0_35dd91658029999999_-0dd9583569500000024_133dd0_224x224.png	0	0	0.24668516
257112-IMAGE_RGB_083_224x224_686dd0_338dd0_39dd6665788_-0dd5416904500000008_133dd0_224x224.png	0	0	0.03393796
248145-IMAGE_RGB_083_224x224_664dd0_312dd0_37dd83324619999999_1dd6249753499999997_133dd0_224x224.png	0	0	0.006955771
227438-IMAGE_RGB_083_224x224_623dd0_343dd0_34dd4165809_-0dd9583569500000024_133dd0_224x224.png	1	1	0.99548596
245552-IMAGE_RGB_083_224x224_658dd0_348dd0_37dd33324639999999_-1dd3750234500000005_133dd0_224x224.png	1	0	0.696549
229135-IMAGE_RGB_083_224x224_626dd0_341dd0_34dd66658079999999_-0dd7916903500000032_133dd0_224x224.png	1	1	0.81296676
241259-IMAGE_RGB_083_224x224_649dd0_341dd0_36dd58324669999999_-0dd7916903500000032_133dd0_224x224.png	1	1	0.9669225
244155-IMAGE_RGB_083_224x224_655dd0_337dd0_37dd0832465_-0dd4583571500000012_133dd0_224x224.png	1	1	0.884808
249914-IMAGE_RGB_083_224x224_668dd0_353dd0_38dd166579399999996_-1dd791689950000002_133dd0_224x224.png	1	1	0.7366957
227420-IMAGE_RGB_083_224x224_623dd0_325dd0_34dd4165809_0dd5416424499999977_133dd0_224x224.png	1	1	0.9380471
229141-IMAGE_RGB_083_224x224_626dd0_347dd0_34dd66658079999999_-1dd2916901500000009_133dd0_224x224.png	1	1	0.83052266
240758-IMAGE_RGB_083_224x224_648dd0_333dd0_36dd4999134_-0dd12502395000000274_133dd0_224x224.png	1	1	0.99992764
242726-IMAGE_RGB_083_224x224_652dd0_342dd0_36dd8332466_-0dd8750236500000028_133dd0_224x224.png	1	1	0.9999522
257812-IMAGE_RGB_083_224x224_688dd0_368dd0_39dd8332454_-3dd041689450000004_133dd0_224x224.png	0	1	0.9803053
229136-IMAGE_RGB_083_224x224_626dd0_342dd0_34dd66658079999999_-0dd8750236500000028_133dd0_224x224.png	1	1	0.9134638
236246-IMAGE_RGB_083_224x224_639dd0_325dd0_35dd74991369999999_0dd5416424499999977_133dd0_224x224.png	1	1	0.9993451
247740-IMAGE_RGB_083_224x224_663dd0_342dd0_37dd7499129_-0dd8750236500000028_133dd0_224x224.png	1	1	0.7530146
231377-IMAGE_RGB_083_224x224_630dd0_320dd0_34dd99991399999999_0dd9583089499999992_133dd0_224x224.png	1	1	0.98329127
254937-IMAGE_RGB_083_224x224_680dd0_377dd0_39dd166579_-3dd7916891500000034_133dd0_224x224.png	1	0	0.5824026
