Image_Code	Actual	Predicted	Predicted_percent
247313-IMAGE_RGB_083_224x224_662dd0_353dd0_37dd66657959999999_-1dd791689950000002_133dd0_224x224.png	1	1	0.99163073
260479-IMAGE_RGB_083_224x224_697dd0_329dd0_40dd5832451_0dd2083092499999992_133dd0_224x224.png	0	0	0.018327184
257486-IMAGE_RGB_083_224x224_687dd0_375dd0_39dd7499121_-3dd6250225500000006_133dd0_224x224.png	0	1	0.6782663
227990-IMAGE_RGB_083_224x224_624dd0_329dd0_34dd49991419999999_0dd2083092499999992_133dd0_224x224.png	1	1	0.87416035
252029-IMAGE_RGB_083_224x224_673dd0_339dd0_38dd5832459_-0dd6250237500000004_133dd0_224x224.png	0	1	0.98599875
238274-IMAGE_RGB_083_224x224_643dd0_344dd0_36dd08324689999999_-1dd041690250000002_133dd0_224x224.png	1	0	0.033734784
260510-IMAGE_RGB_083_224x224_697dd0_360dd0_40dd5832451_-2dd375023050000003_133dd0_224x224.png	1	0	0.27999884
254946-IMAGE_RGB_083_224x224_680dd0_386dd0_39dd166579_-4dd5416888500000026_133dd0_224x224.png	1	1	0.9823685
239259-IMAGE_RGB_083_224x224_645dd0_326dd0_36dd24991349999999_0dd4583091499999981_133dd0_224x224.png	1	1	0.8417217
233618-IMAGE_RGB_083_224x224_634dd0_342dd0_35dd3332472_-0dd8750236500000028_133dd0_224x224.png	1	1	0.92146415
231372-IMAGE_RGB_083_224x224_630dd0_315dd0_34dd99991399999999_1dd374975449999997_133dd0_224x224.png	0	0	0.15894146
251213-IMAGE_RGB_083_224x224_671dd0_371dd0_38dd4165793_-3dd2916893500000017_133dd0_224x224.png	1	1	0.9699569
256091-IMAGE_RGB_083_224x224_683dd0_381dd0_39dd41657889999999_-4dd125022350000002_133dd0_224x224.png	0	0	0.42038283
245543-IMAGE_RGB_083_224x224_658dd0_339dd0_37dd33324639999999_-0dd6250237500000004_133dd0_224x224.png	1	1	0.994138
231399-IMAGE_RGB_083_224x224_630dd0_342dd0_34dd99991399999999_-0dd8750236500000028_133dd0_224x224.png	1	1	0.96156406
230220-IMAGE_RGB_083_224x224_628dd0_289dd0_34dd83324739999999_3dd5416412499999983_133dd0_224x224.png	0	0	2.6397234e-05
232492-IMAGE_RGB_083_224x224_632dd0_316dd0_35dd1665806_1dd2916421499999975_133dd0_224x224.png	1	1	0.98630166
235750-IMAGE_RGB_083_224x224_638dd0_336dd0_35dd6665804_-0dd3750238500000016_133dd0_224x224.png	1	1	0.9833915
248629-IMAGE_RGB_083_224x224_665dd0_362dd0_37dd9165795_-2dd541689650000002_133dd0_224x224.png	1	1	0.78880817
261793-IMAGE_RGB_083_224x224_703dd0_294dd0_41dd0832449_3dd12497475_133dd0_224x224.png	0	0	0.0051529184
259878-IMAGE_RGB_083_224x224_695dd0_284dd0_40dd4165785_3dd95830775_133dd0_224x224.png	0	0	0.09298165
231958-IMAGE_RGB_083_224x224_631dd0_339dd0_35dd0832473_-0dd6250237500000004_133dd0_224x224.png	1	1	0.9938759
245986-IMAGE_RGB_083_224x224_659dd0_340dd0_37dd4165797_-0dd7083570500000036_133dd0_224x224.png	1	1	0.99848783
230812-IMAGE_RGB_083_224x224_629dd0_318dd0_34dd916580700000004_1dd1249755499999985_133dd0_224x224.png	1	1	0.9964483
245987-IMAGE_RGB_083_224x224_659dd0_341dd0_37dd4165797_-0dd7916903500000032_133dd0_224x224.png	1	1	0.9996197
259618-IMAGE_RGB_083_224x224_694dd0_308dd0_40dd33324519999999_1dd958308549999998_133dd0_224x224.png	0	0	0.0030168134
248192-IMAGE_RGB_083_224x224_664dd0_359dd0_37dd83324619999999_-2dd2916897500000037_133dd0_224x224.png	1	1	0.94777
235756-IMAGE_RGB_083_224x224_638dd0_342dd0_35dd6665804_-0dd8750236500000028_133dd0_224x224.png	1	1	0.9924454
230215-IMAGE_RGB_083_224x224_628dd0_284dd0_34dd83324739999999_3dd95830775_133dd0_224x224.png	0	0	0.0010403626
261844-IMAGE_RGB_083_224x224_703dd0_345dd0_41dd0832449_-1dd1250235500000016_133dd0_224x224.png	0	0	0.3076905
242723-IMAGE_RGB_083_224x224_652dd0_339dd0_36dd8332466_-0dd6250237500000004_133dd0_224x224.png	1	1	0.8436292
226871-IMAGE_RGB_083_224x224_622dd0_343dd0_34dd33324759999999_-0dd9583569500000024_133dd0_224x224.png	1	1	0.98526704
246861-IMAGE_RGB_083_224x224_661dd0_339dd0_37dd5832463_-0dd6250237500000004_133dd0_224x224.png	1	1	0.95280015
262257-IMAGE_RGB_083_224x224_705dd0_354dd0_41dd2499115_-1dd8750232500000017_133dd0_224x224.png	0	1	0.99078405
242246-IMAGE_RGB_083_224x224_651dd0_349dd0_36dd749913299999996_-1dd4583567500000036_133dd0_224x224.png	1	0	0.27181146
225736-IMAGE_RGB_083_224x224_620dd0_342dd0_34dd166580999999994_-0dd8750236500000028_133dd0_224x224.png	1	1	0.9996933
234143-IMAGE_RGB_083_224x224_635dd0_324dd0_35dd41658049999999_0dd6249757499999973_133dd0_224x224.png	1	1	0.9846609
249464-IMAGE_RGB_083_224x224_667dd0_333dd0_38dd083246100000004_-0dd12502395000000274_133dd0_224x224.png	1	1	0.9909587
232512-IMAGE_RGB_083_224x224_632dd0_336dd0_35dd1665806_-0dd3750238500000016_133dd0_224x224.png	1	1	0.9865348
236247-IMAGE_RGB_083_224x224_639dd0_326dd0_35dd74991369999999_0dd4583091499999981_133dd0_224x224.png	1	1	0.9833225
248603-IMAGE_RGB_083_224x224_665dd0_336dd0_37dd9165795_-0dd3750238500000016_133dd0_224x224.png	1	1	0.9845712
233072-IMAGE_RGB_083_224x224_633dd0_343dd0_35dd2499139_-0dd9583569500000024_133dd0_224x224.png	0	1	0.98367244
256767-IMAGE_RGB_083_224x224_685dd0_337dd0_39dd58324549999999_-0dd4583571500000012_133dd0_224x224.png	1	0	0.0007875019
240753-IMAGE_RGB_083_224x224_648dd0_328dd0_36dd4999134_0dd29164254999999883_133dd0_224x224.png	1	1	0.6524311
240265-IMAGE_RGB_083_224x224_647dd0_335dd0_36dd41658009999999_-0dd291690550000002_133dd0_224x224.png	1	1	0.9545311
226859-IMAGE_RGB_083_224x224_622dd0_331dd0_34dd33324759999999_0dd04164265_133dd0_224x224.png	1	1	0.8321931
233038-IMAGE_RGB_083_224x224_633dd0_309dd0_35dd2499139_1dd8749752499999983_133dd0_224x224.png	0	0	0.0026475864
237768-IMAGE_RGB_083_224x224_642dd0_340dd0_35dd9999136_-0dd7083570500000036_133dd0_224x224.png	1	1	0.8946877
227429-IMAGE_RGB_083_224x224_623dd0_334dd0_34dd4165809_-0dd2083572500000024_133dd0_224x224.png	1	1	0.9991423
248598-IMAGE_RGB_083_224x224_665dd0_331dd0_37dd9165795_0dd04164265_133dd0_224x224.png	1	1	0.9406992
229122-IMAGE_RGB_083_224x224_626dd0_328dd0_34dd66658079999999_0dd29164254999999883_133dd0_224x224.png	1	1	0.9495785
249048-IMAGE_RGB_083_224x224_666dd0_348dd0_37dd99991279999999_-1dd3750234500000005_133dd0_224x224.png	1	1	0.9904727
231949-IMAGE_RGB_083_224x224_631dd0_330dd0_35dd0832473_0dd1249759499999996_133dd0_224x224.png	1	1	0.9990164
229699-IMAGE_RGB_083_224x224_627dd0_337dd0_34dd7499141_-0dd4583571500000012_133dd0_224x224.png	1	1	0.9620449
230828-IMAGE_RGB_083_224x224_629dd0_334dd0_34dd916580700000004_-0dd2083572500000024_133dd0_224x224.png	1	1	0.9973551
228566-IMAGE_RGB_083_224x224_625dd0_338dd0_34dd5832475_-0dd5416904500000008_133dd0_224x224.png	1	1	0.9999578
238228-IMAGE_RGB_083_224x224_643dd0_298dd0_36dd08324689999999_2dd7916415499999983_133dd0_224x224.png	0	0	0.0025767144
248182-IMAGE_RGB_083_224x224_664dd0_349dd0_37dd83324619999999_-1dd4583567500000036_133dd0_224x224.png	1	1	0.9946603
226865-IMAGE_RGB_083_224x224_622dd0_337dd0_34dd33324759999999_-0dd4583571500000012_133dd0_224x224.png	1	1	0.999998
253277-IMAGE_RGB_083_224x224_676dd0_329dd0_38dd8332458_0dd2083092499999992_133dd0_224x224.png	0	0	0.38295943
241739-IMAGE_RGB_083_224x224_650dd0_330dd0_36dd66658_0dd1249759499999996_133dd0_224x224.png	1	1	0.97920233
226869-IMAGE_RGB_083_224x224_622dd0_341dd0_34dd33324759999999_-0dd7916903500000032_133dd0_224x224.png	1	1	0.95621395
243207-IMAGE_RGB_083_224x224_653dd0_340dd0_36dd9165799_-0dd7083570500000036_133dd0_224x224.png	1	1	0.97142357
245553-IMAGE_RGB_083_224x224_658dd0_349dd0_37dd33324639999999_-1dd4583567500000036_133dd0_224x224.png	1	1	0.9720691
246000-IMAGE_RGB_083_224x224_659dd0_354dd0_37dd4165797_-1dd8750232500000017_133dd0_224x224.png	1	1	0.97933185
261012-IMAGE_RGB_083_224x224_699dd0_360dd0_40dd749911700000006_-2dd375023050000003_133dd0_224x224.png	1	0	0.02601363
249925-IMAGE_RGB_083_224x224_668dd0_364dd0_38dd166579399999996_-2dd7083562500000014_133dd0_224x224.png	1	0	0.15286049
261401-IMAGE_RGB_083_224x224_701dd0_313dd0_40dd9165783_1dd54164205_133dd0_224x224.png	0	1	0.66315466
241263-IMAGE_RGB_083_224x224_649dd0_345dd0_36dd58324669999999_-1dd1250235500000016_133dd0_224x224.png	1	0	0.27340117
257104-IMAGE_RGB_083_224x224_686dd0_330dd0_39dd6665788_0dd1249759499999996_133dd0_224x224.png	1	0	0.6375496
240755-IMAGE_RGB_083_224x224_648dd0_330dd0_36dd4999134_0dd1249759499999996_133dd0_224x224.png	1	1	0.8356963
229695-IMAGE_RGB_083_224x224_627dd0_333dd0_34dd7499141_-0dd12502395000000274_133dd0_224x224.png	1	1	0.83118564
228559-IMAGE_RGB_083_224x224_625dd0_331dd0_34dd5832475_0dd04164265_133dd0_224x224.png	1	1	0.93057597
240765-IMAGE_RGB_083_224x224_648dd0_340dd0_36dd4999134_-0dd7083570500000036_133dd0_224x224.png	1	1	0.9999523
233055-IMAGE_RGB_083_224x224_633dd0_326dd0_35dd2499139_0dd4583091499999981_133dd0_224x224.png	1	1	0.9992931
255715-IMAGE_RGB_083_224x224_682dd0_383dd0_39dd3332456_-4dd291688950000001_133dd0_224x224.png	0	0	0.61150736
242245-IMAGE_RGB_083_224x224_651dd0_348dd0_36dd749913299999996_-1dd3750234500000005_133dd0_224x224.png	1	1	0.99958986
235193-IMAGE_RGB_083_224x224_637dd0_294dd0_35dd58324709999999_3dd12497475_133dd0_224x224.png	1	0	0.053287793
240270-IMAGE_RGB_083_224x224_647dd0_340dd0_36dd41658009999999_-0dd7083570500000036_133dd0_224x224.png	1	1	0.8794472
228557-IMAGE_RGB_083_224x224_625dd0_329dd0_34dd5832475_0dd2083092499999992_133dd0_224x224.png	1	1	0.9323657
236222-IMAGE_RGB_083_224x224_639dd0_301dd0_35dd74991369999999_2dd541641649999999_133dd0_224x224.png	0	0	0.008690856
257455-IMAGE_RGB_083_224x224_687dd0_344dd0_39dd7499121_-1dd041690250000002_133dd0_224x224.png	0	0	0.00026298396
241729-IMAGE_RGB_083_224x224_650dd0_320dd0_36dd66658_0dd9583089499999992_133dd0_224x224.png	0	0	0.106618784
227985-IMAGE_RGB_083_224x224_624dd0_324dd0_34dd49991419999999_0dd6249757499999973_133dd0_224x224.png	1	1	0.94656
232497-IMAGE_RGB_083_224x224_632dd0_321dd0_35dd1665806_0dd8749756499999997_133dd0_224x224.png	1	1	0.9964032
260205-IMAGE_RGB_083_224x224_696dd0_330dd0_40dd49991179999999_0dd1249759499999996_133dd0_224x224.png	0	0	0.1243009
234160-IMAGE_RGB_083_224x224_635dd0_341dd0_35dd41658049999999_-0dd7916903500000032_133dd0_224x224.png	1	1	0.9968549
257146-IMAGE_RGB_083_224x224_686dd0_372dd0_39dd6665788_-3dd375022650000002_133dd0_224x224.png	0	0	0.13261683
256454-IMAGE_RGB_083_224x224_684dd0_378dd0_39dd499912200000004_-3dd875022450000003_133dd0_224x224.png	1	1	0.86946005
246430-IMAGE_RGB_083_224x224_660dd0_346dd0_37dd49991299999999_-1dd2083568500000013_133dd0_224x224.png	1	1	0.9958978
229694-IMAGE_RGB_083_224x224_627dd0_332dd0_34dd7499141_-0dd04169065000000316_133dd0_224x224.png	1	1	0.9739595
261233-IMAGE_RGB_083_224x224_700dd0_358dd0_40dd83324499999999_-2dd208356450000004_133dd0_224x224.png	0	0	0.0008937312
233601-IMAGE_RGB_083_224x224_634dd0_325dd0_35dd3332472_0dd5416424499999977_133dd0_224x224.png	1	1	0.9966667
232506-IMAGE_RGB_083_224x224_632dd0_330dd0_35dd1665806_0dd1249759499999996_133dd0_224x224.png	1	1	0.9989027
230252-IMAGE_RGB_083_224x224_628dd0_321dd0_34dd83324739999999_0dd8749756499999997_133dd0_224x224.png	1	1	0.9893126
243676-IMAGE_RGB_083_224x224_654dd0_332dd0_36dd9999132_-0dd04169065000000316_133dd0_224x224.png	1	1	0.9995679
244634-IMAGE_RGB_083_224x224_656dd0_344dd0_37dd1665798_-1dd041690250000002_133dd0_224x224.png	1	1	0.9958234
256032-IMAGE_RGB_083_224x224_683dd0_322dd0_39dd41657889999999_0dd79164235_133dd0_224x224.png	0	0	0.0004860008
235230-IMAGE_RGB_083_224x224_637dd0_331dd0_35dd58324709999999_0dd04164265_133dd0_224x224.png	1	1	0.9958532
259670-IMAGE_RGB_083_224x224_694dd0_360dd0_40dd33324519999999_-2dd375023050000003_133dd0_224x224.png	0	0	0.04560799
228550-IMAGE_RGB_083_224x224_625dd0_322dd0_34dd5832475_0dd79164235_133dd0_224x224.png	1	1	0.89533436
243686-IMAGE_RGB_083_224x224_654dd0_342dd0_36dd9999132_-0dd8750236500000028_133dd0_224x224.png	1	1	0.9615246
244633-IMAGE_RGB_083_224x224_656dd0_343dd0_37dd1665798_-0dd9583569500000024_133dd0_224x224.png	1	1	0.99685895
249490-IMAGE_RGB_083_224x224_667dd0_359dd0_38dd083246100000004_-2dd2916897500000037_133dd0_224x224.png	1	1	0.96282834
254942-IMAGE_RGB_083_224x224_680dd0_382dd0_39dd166579_-4dd2083556500000014_133dd0_224x224.png	0	0	0.4909089
226854-IMAGE_RGB_083_224x224_622dd0_326dd0_34dd33324759999999_0dd4583091499999981_133dd0_224x224.png	0	1	0.9324258
236256-IMAGE_RGB_083_224x224_639dd0_335dd0_35dd74991369999999_-0dd291690550000002_133dd0_224x224.png	1	1	0.98517054
257450-IMAGE_RGB_083_224x224_687dd0_339dd0_39dd7499121_-0dd6250237500000004_133dd0_224x224.png	0	0	0.5737194
248595-IMAGE_RGB_083_224x224_665dd0_328dd0_37dd9165795_0dd29164254999999883_133dd0_224x224.png	1	0	0.36530542
231388-IMAGE_RGB_083_224x224_630dd0_331dd0_34dd99991399999999_0dd04164265_133dd0_224x224.png	1	1	0.99953747
252479-IMAGE_RGB_083_224x224_674dd0_368dd0_38dd6665792_-3dd041689450000004_133dd0_224x224.png	0	0	0.009233868
246429-IMAGE_RGB_083_224x224_660dd0_345dd0_37dd49991299999999_-1dd1250235500000016_133dd0_224x224.png	1	1	0.9836084
256374-IMAGE_RGB_083_224x224_684dd0_298dd0_39dd499912200000004_2dd7916415499999983_133dd0_224x224.png	1	0	0.00019493428
233075-IMAGE_RGB_083_224x224_633dd0_346dd0_35dd2499139_-1dd2083568500000013_133dd0_224x224.png	1	1	0.89959943
233599-IMAGE_RGB_083_224x224_634dd0_323dd0_35dd3332472_0dd7083090499999969_133dd0_224x224.png	1	1	0.98788375
226861-IMAGE_RGB_083_224x224_622dd0_333dd0_34dd33324759999999_-0dd12502395000000274_133dd0_224x224.png	1	1	0.9334688
262196-IMAGE_RGB_083_224x224_705dd0_293dd0_41dd2499115_3dd2083080499999994_133dd0_224x224.png	0	0	0.029615477
232518-IMAGE_RGB_083_224x224_632dd0_342dd0_35dd1665806_-0dd8750236500000028_133dd0_224x224.png	1	1	0.9964294
239223-IMAGE_RGB_083_224x224_645dd0_290dd0_36dd24991349999999_3dd4583079499999982_133dd0_224x224.png	0	1	0.9831268
231386-IMAGE_RGB_083_224x224_630dd0_329dd0_34dd99991399999999_0dd2083092499999992_133dd0_224x224.png	1	1	0.9999994
246409-IMAGE_RGB_083_224x224_660dd0_325dd0_37dd49991299999999_0dd5416424499999977_133dd0_224x224.png	1	1	0.92650706
230831-IMAGE_RGB_083_224x224_629dd0_337dd0_34dd916580700000004_-0dd4583571500000012_133dd0_224x224.png	1	1	0.914378
229137-IMAGE_RGB_083_224x224_626dd0_343dd0_34dd66658079999999_-0dd9583569500000024_133dd0_224x224.png	1	1	0.9758395
246858-IMAGE_RGB_083_224x224_661dd0_336dd0_37dd5832463_-0dd3750238500000016_133dd0_224x224.png	1	1	0.99602157
255333-IMAGE_RGB_083_224x224_681dd0_384dd0_39dd24991229999999_-4dd375022250000004_133dd0_224x224.png	1	1	0.7686971
243203-IMAGE_RGB_083_224x224_653dd0_336dd0_36dd9165799_-0dd3750238500000016_133dd0_224x224.png	1	1	0.9999088
258407-IMAGE_RGB_083_224x224_690dd0_310dd0_39dd999912_1dd7916419499999992_133dd0_224x224.png	0	1	0.9957963
230830-IMAGE_RGB_083_224x224_629dd0_336dd0_34dd916580700000004_-0dd3750238500000016_133dd0_224x224.png	1	1	0.99995303
250342-IMAGE_RGB_083_224x224_669dd0_353dd0_38dd2499127_-1dd791689950000002_133dd0_224x224.png	1	1	0.87683374
236273-IMAGE_RGB_083_224x224_639dd0_352dd0_35dd74991369999999_-1dd7083566500000025_133dd0_224x224.png	1	0	0.23024343
236252-IMAGE_RGB_083_224x224_639dd0_331dd0_35dd74991369999999_0dd04164265_133dd0_224x224.png	1	1	0.99997544
263350-IMAGE_RGB_083_224x224_711dd0_285dd0_41dd7499113_3dd87497445_133dd0_224x224.png	1	0	0.4058237
247727-IMAGE_RGB_083_224x224_663dd0_329dd0_37dd7499129_0dd2083092499999992_133dd0_224x224.png	1	1	0.9862299
230811-IMAGE_RGB_083_224x224_629dd0_317dd0_34dd916580700000004_1dd208308849999998_133dd0_224x224.png	1	1	0.7752561
250339-IMAGE_RGB_083_224x224_669dd0_350dd0_38dd2499127_-1dd5416900500000033_133dd0_224x224.png	0	0	0.19379415
258455-IMAGE_RGB_083_224x224_690dd0_358dd0_39dd999912_-2dd208356450000004_133dd0_224x224.png	0	0	0.1127657
247723-IMAGE_RGB_083_224x224_663dd0_325dd0_37dd7499129_0dd5416424499999977_133dd0_224x224.png	0	1	0.9989171
253661-IMAGE_RGB_083_224x224_677dd0_299dd0_38dd91657909999999_2dd708308249999998_133dd0_224x224.png	0	0	0.45931432
251642-IMAGE_RGB_083_224x224_672dd0_375dd0_38dd4999126_-3dd6250225500000006_133dd0_224x224.png	1	1	0.9494256
232520-IMAGE_RGB_083_224x224_632dd0_344dd0_35dd1665806_-1dd041690250000002_133dd0_224x224.png	0	0	0.12998918
231352-IMAGE_RGB_083_224x224_630dd0_295dd0_34dd99991399999999_3dd04164145_133dd0_224x224.png	0	1	0.7696925
234695-IMAGE_RGB_083_224x224_636dd0_333dd0_35dd499913799999995_-0dd12502395000000274_133dd0_224x224.png	1	1	0.9998785
243217-IMAGE_RGB_083_224x224_653dd0_350dd0_36dd9165799_-1dd5416900500000033_133dd0_224x224.png	1	0	0.4539184
229704-IMAGE_RGB_083_224x224_627dd0_342dd0_34dd7499141_-0dd8750236500000028_133dd0_224x224.png	1	1	0.66552085
235236-IMAGE_RGB_083_224x224_637dd0_337dd0_35dd58324709999999_-0dd4583571500000012_133dd0_224x224.png	0	1	0.94581497
245078-IMAGE_RGB_083_224x224_657dd0_324dd0_37dd2499131_0dd6249757499999973_133dd0_224x224.png	1	0	0.0034790095
240749-IMAGE_RGB_083_224x224_648dd0_324dd0_36dd4999134_0dd6249757499999973_133dd0_224x224.png	1	1	0.7509934
260235-IMAGE_RGB_083_224x224_696dd0_360dd0_40dd49991179999999_-2dd375023050000003_133dd0_224x224.png	1	1	0.96181124
243636-IMAGE_RGB_083_224x224_654dd0_292dd0_36dd9999132_3dd291641349999999_133dd0_224x224.png	0	0	0.0031623933
228004-IMAGE_RGB_083_224x224_624dd0_343dd0_34dd49991419999999_-0dd9583569500000024_133dd0_224x224.png	1	1	0.9216222
247311-IMAGE_RGB_083_224x224_662dd0_351dd0_37dd66657959999999_-1dd6250233500000029_133dd0_224x224.png	1	1	0.98356044
226291-IMAGE_RGB_083_224x224_621dd0_330dd0_34dd2499143_0dd1249759499999996_133dd0_224x224.png	1	1	0.99863786
231401-IMAGE_RGB_083_224x224_630dd0_344dd0_34dd99991399999999_-1dd041690250000002_133dd0_224x224.png	0	0	0.36795884
248175-IMAGE_RGB_083_224x224_664dd0_342dd0_37dd83324619999999_-0dd8750236500000028_133dd0_224x224.png	1	1	0.78381664
233054-IMAGE_RGB_083_224x224_633dd0_325dd0_35dd2499139_0dd5416424499999977_133dd0_224x224.png	1	1	0.99818546
248166-IMAGE_RGB_083_224x224_664dd0_333dd0_37dd83324619999999_-0dd12502395000000274_133dd0_224x224.png	1	1	0.9431856
253273-IMAGE_RGB_083_224x224_676dd0_325dd0_38dd8332458_0dd5416424499999977_133dd0_224x224.png	0	0	0.008965757
241265-IMAGE_RGB_083_224x224_649dd0_347dd0_36dd58324669999999_-1dd2916901500000009_133dd0_224x224.png	1	1	0.91630137
247733-IMAGE_RGB_083_224x224_663dd0_335dd0_37dd7499129_-0dd291690550000002_133dd0_224x224.png	1	1	0.84345585
235742-IMAGE_RGB_083_224x224_638dd0_328dd0_35dd6665804_0dd29164254999999883_133dd0_224x224.png	1	1	0.97529876
227992-IMAGE_RGB_083_224x224_624dd0_331dd0_34dd49991419999999_0dd04164265_133dd0_224x224.png	1	1	0.91801286
242705-IMAGE_RGB_083_224x224_652dd0_321dd0_36dd8332466_0dd8749756499999997_133dd0_224x224.png	0	1	0.9944636
230271-IMAGE_RGB_083_224x224_628dd0_340dd0_34dd83324739999999_-0dd7083570500000036_133dd0_224x224.png	1	1	0.96461284
231396-IMAGE_RGB_083_224x224_630dd0_339dd0_34dd99991399999999_-0dd6250237500000004_133dd0_224x224.png	1	1	0.99865484
241770-IMAGE_RGB_083_224x224_650dd0_361dd0_36dd66658_-2dd4583563500000025_133dd0_224x224.png	0	0	0.0054884544
256813-IMAGE_RGB_083_224x224_685dd0_383dd0_39dd58324549999999_-4dd291688950000001_133dd0_224x224.png	1	0	0.2822783
236236-IMAGE_RGB_083_224x224_639dd0_315dd0_35dd74991369999999_1dd374975449999997_133dd0_224x224.png	0	0	0.07516851
242720-IMAGE_RGB_083_224x224_652dd0_336dd0_36dd8332466_-0dd3750238500000016_133dd0_224x224.png	1	1	0.97270477
238737-IMAGE_RGB_083_224x224_644dd0_305dd0_36dd166580200000006_2dd208308449999997_133dd0_224x224.png	0	0	0.033980045
235194-IMAGE_RGB_083_224x224_637dd0_295dd0_35dd58324709999999_3dd04164145_133dd0_224x224.png	0	0	0.2856904
235760-IMAGE_RGB_083_224x224_638dd0_346dd0_35dd6665804_-1dd2083568500000013_133dd0_224x224.png	0	1	0.67136794
261163-IMAGE_RGB_083_224x224_700dd0_288dd0_40dd83324499999999_3dd6249745499999975_133dd0_224x224.png	0	0	1.0714049e-05
245545-IMAGE_RGB_083_224x224_658dd0_341dd0_37dd33324639999999_-0dd7916903500000032_133dd0_224x224.png	1	1	0.98586464
239264-IMAGE_RGB_083_224x224_645dd0_331dd0_36dd24991349999999_0dd04164265_133dd0_224x224.png	1	1	0.81781006
225169-IMAGE_RGB_083_224x224_619dd0_343dd0_34dd0832477_-0dd9583569500000024_133dd0_224x224.png	0	1	0.999985
244631-IMAGE_RGB_083_224x224_656dd0_341dd0_37dd1665798_-0dd7916903500000032_133dd0_224x224.png	1	1	0.90713555
234693-IMAGE_RGB_083_224x224_636dd0_331dd0_35dd499913799999995_0dd04164265_133dd0_224x224.png	1	1	0.99405754
249005-IMAGE_RGB_083_224x224_666dd0_305dd0_37dd99991279999999_2dd208308449999997_133dd0_224x224.png	1	1	0.78703725
